[image]

width
1280

height
1024

[narrow_stereo]

camera matrix
1321.084157 0.000000 637.895496
0.000000 1322.371625 504.081535
0.000000 0.000000 1.000000

distortion
-0.079273 0.134013 0.000026 -0.000226 0.000000

rectification
1.000000 0.000000 0.000000
0.000000 1.000000 0.000000
0.000000 0.000000 1.000000

projection
1306.430298 0.000000 637.167646 0.000000
0.000000 1309.218262 503.510768 0.000000
0.000000 0.000000 1.000000 0.000000


[image]

width
1280

height
1024

[narrow_stereo]

camera matrix
1314.562852 0.000000 636.460997
0.000000 1315.267409 491.832519
0.000000 0.000000 1.000000

distortion
-0.081203 0.146788 -0.001782 0.000374 0.000000

rectification
1.000000 0.000000 0.000000
0.000000 1.000000 0.000000
0.000000 0.000000 1.000000

projection
1302.721802 0.000000 636.431351 0.000000
0.000000 1302.392212 489.947672 0.000000
0.000000 0.000000 1.000000 0.000000

[image]

width
1280

height
1024

[narrow_stereo]

camera matrix
1309.045194 0.000000 639.067941
0.000000 1307.806075 496.185818
0.000000 0.000000 1.000000

distortion
-0.082470 0.164669 -0.001908 -0.000630 0.000000

rectification
1.000000 0.000000 0.000000
0.000000 1.000000 0.000000
0.000000 0.000000 1.000000

projection
1300.424561 0.000000 637.891232 0.000000
0.000000 1298.284302 494.211864 0.000000
0.000000 0.000000 1.000000 0.000000
