[image]

width
640

height
480

[narrow_stereo]

camera matrix
300.561775 0.000000 289.316502
0.000000 300.245992 233.855343
0.000000 0.000000 1.000000

distortion
0.027843 -0.036410 -0.002837 -0.001198 0.000000

rectification
1.000000 0.000000 0.000000
0.000000 1.000000 0.000000
0.000000 0.000000 1.000000

projection
292.442322 0.000000 282.154697 0.000000
0.000000 300.307007 231.517397 0.000000
0.000000 0.000000 1.000000 0.000000


[image]

width
640

height
480

[narrow_stereo]

camera matrix
301.101409 0.000000 290.771094
0.000000 299.461392 230.975224
0.000000 0.000000 1.000000

distortion
0.037393 -0.048443 0.000648 -0.000783 0.000000

rectification
1.000000 0.000000 0.000000
0.000000 1.000000 0.000000
0.000000 0.000000 1.000000

projection
299.871521 0.000000 291.197558 0.000000
0.000000 299.943481 230.578605 0.000000
0.000000 0.000000 1.000000 0.000000
